-0.9992758540 0.0062227615 0.2849439852




-17.4820083071 -29.9952328325 2.3766589281
-17.3927091855 -29.9952098919 2.3875794042
-17.2934871283 -29.9951844790 2.3997127809
-17.1744195536 -29.9951540875 2.4142721754
-17.0652732380 -29.9951263262 2.4276176683
-17.0057384725 -29.9951112230 2.4348967818
-16.8965906608 -29.9950836071 2.4482413817
-16.7477512187 -29.9950461039 2.4664376655
-16.6882149614 -29.9950311523 2.4737158956
-16.5592188152 -29.9949988535 2.4894848501
-16.5096045819 -29.9949864657 2.4955496373
-16.3905296862 -29.9949568129 2.5101046945
-17.3927066440 -29.9950771436 2.3875637703
-17.2736400800 -29.9950458851 2.4021237885
-17.1446499444 -29.9950121550 2.4178963299
-17.1049603927 -29.9950018047 2.4227492534
-16.9660459463 -29.9949656821 2.4397338828
-16.8668203913 -29.9949399777 2.4518651984
-16.7576713857 -29.9949117942 2.4652091169
-16.6782897123 -29.9948913560 2.4749134434
-16.5889847579 -29.9948684218 2.4858304730
-16.4798334498 -29.9948404753 2.4991730324
-17.7418663139 -30.0058686819 2.9009046210
-17.2521349500 -30.0063028833 1.7405404007
-17.1721681370 -30.0063336488 1.7405287310
-17.0322249475 -30.0063874306 1.7405087659
-16.9722488096 -30.0064104577 1.7405003841
-16.8822840661 -30.0064449741 1.7404880041
-16.7323414220 -30.0065024376 1.7404678738
-16.6723638817 -30.0065254011 1.7404599943
-16.5724007129 -30.0065636464 1.7404470761
-16.4624403734 -30.0066056778 1.7404331702
-16.3724721698 -30.0066400377 1.7404220246
-16.2425170817 -30.0066896231 1.7404062858
-16.1725407765 -30.0067163010 1.7403979840
-16.0425838928 -30.0067658059 1.7403828803
-15.9626098620 -30.0067962453 1.7403737848
-15.8426480272 -30.0068418691 1.7403604195
-14.1430985940 -30.0074842173 1.7402026405
-3.8240339104 -10.0109559941 1.7188709963
-3.7340361838 -10.0109880471 1.7188701733
-3.6440384148 -10.0110200982 1.7188693654
-3.5440408448 -10.0110557085 1.7188684851
-3.4640427526 -10.0110841951 1.7188677938
-3.3440455550 -10.0111269224 1.7188667780
-3.2440478371 -10.0111625262 1.7188659505
-3.1740494064 -10.0111874476 1.7188653813
-3.0040531232 -10.0112479670 1.7188640326
-2.9340546156 -10.0112728850 1.7188634909
-2.8640560864 -10.0112978022 1.7188629569
-2.7040593682 -10.0113547521 1.7188617648
-2.6340607698 -10.0113796662 1.7188612555
-2.4940635122 -10.0114294918 1.7188602587
-2.4040652332 -10.0114615207 1.7188596329
-2.3740657997 -10.0114721967 1.7188594269
-2.2340683968 -10.0115220159 1.7188584820
-2.1540698471 -10.0115504825 1.7188579542
-2.0440718021 -10.0115896225 1.7188572426
-1.9340737126 -10.0116287605 1.7188565469
-1.8040759145 -10.0116750120 1.7188557447
-1.7240772400 -10.0117034732 1.7188552617
-1.6640782197 -10.0117248185 1.7188549046
-1.5540799843 -10.0117639502 1.7188542612
-17.3521701910 -29.9999540951 1.7226541299
-17.2522104235 -29.9999535928 1.7226387895
-17.1422537597 -29.9999530405 1.7226222760
-17.0722808440 -29.9999526893 1.7226119605
-16.8923487649 -29.9999517868 1.7225861079
-16.7923854480 -29.9999512858 1.7225721542
-16.7424035138 -29.9999510354 1.7225652843
-16.6424391020 -29.9999505348 1.7225517550
-16.5624670583 -29.9999501346 1.7225411305
-16.4425081515 -29.9999495345 1.7225255183
-16.3525383206 -29.9999490846 1.7225140597
-16.2025873908 -29.9999483354 1.7224954280
-16.1326097818 -29.9999479859 1.7224869282
-16.0726287212 -29.9999476864 1.7224797395
-15.8926841658 -29.9999467886 1.7224586991
-15.8027111316 -29.9999463400 1.7224484677
-15.7127376045 -29.9999458915 1.7224384244
-14.2531050657 -29.9999386394 1.7222990142
-3.9440309804 -9.9898757875 1.7478729944
-3.8340338207 -9.9898393882 1.7478719606
-3.6240390646 -9.9897699064 1.7478700508
-3.5240414818 -9.9897368234 1.7478691700
-3.4240438489 -9.9897037425 1.7478683072
-3.3440457072 -9.9896772793 1.7478676296
-3.2540477610 -9.9896475099 1.7478668806
-3.1440502191 -9.9896111273 1.7478659837
-3.0340526212 -9.9895747472 1.7478651070
-2.9040553897 -9.9895317556 1.7478640961
-2.8140572626 -9.9895019940 1.7478634120
-2.7540584918 -9.9894821539 1.7478629628
-2.6340609043 -9.9894424755 1.7478620811
-2.5440626744 -9.9894127185 1.7478614340
-2.4340647929 -9.9893763508 1.7478606592
-2.3340666770 -9.9893432910 1.7478599699
-2.2440683393 -9.9893135387 1.7478593615
-2.1240705076 -9.9892738711 1.7478585677
-2.0440719231 -9.9892474273 1.7478580493
-1.9140741734 -9.9892044583 1.7478572249
-1.8140758633 -9.9891714071 1.7478566056
-1.7540768603 -9.9891515771 1.7478562401
-17.3620890008 -30.0060628577 1.7195512020
-17.2621312970 -30.0061002255 1.7195364230
-17.1521768550 -30.0061412856 1.7195205138
-17.0522174076 -30.0061785733 1.7195063604
-16.9422610834 -30.0062195473 1.7194911246
-16.8622922450 -30.0062493191 1.7194802589
-16.7623304957 -30.0062865019 1.7194669261
-16.6423753868 -30.0063310755 1.7194512850
-16.5424119711 -30.0063681828 1.7194385429
-16.4324513651 -30.0064089625 1.7194248263
-16.3324864211 -30.0064460009 1.7194126236
-16.2525139565 -30.0064756087 1.7194030407
-16.1325544262 -30.0065199829 1.7193889593
-16.0125939163 -30.0065643133 1.7193752217
-15.9626100866 -30.0065827715 1.7193695971
-15.8426482267 -30.0066270415 1.7193563322
-15.7526762225 -30.0066602168 1.7193465964
-3.8140348839 -10.0112381104 1.7178709257
-3.7240371530 -10.0112709689 1.7178701057
-3.6540388884 -10.0112965243 1.7178694784
-3.5240420448 -10.0113439813 1.7178683370
-3.4440439449 -10.0113731838 1.7178676497
-3.3340465061 -10.0114133350 1.7178667230
-3.2440485582 -10.0114461841 1.7178659802
-3.1040516745 -10.0114972794 1.7178648518
-3.0640525482 -10.0115118773 1.7178645353
-2.9440551260 -10.0115556692 1.7178636014
-2.8740566001 -10.0115812132 1.7178630672
-2.7240596870 -10.0116359471 1.7178619480
-2.6340614932 -10.0116687855 1.7178612929
-2.5040640428 -10.0117162161 1.7178603679
-2.4440651964 -10.0117381061 1.7178599492
-2.3240674605 -10.0117818843 1.7178591273
-2.2340691217 -10.0118147164 1.7178585240
-2.1340709312 -10.0118511948 1.7178578667
-2.0540723518 -10.0118803764 1.7178573505
-1.8940751226 -10.0119387366 1.7178563433
-1.8140764737 -10.0119679151 1.7178558520
-1.7240779668 -10.0120007398 1.7178553089
-1.6240795933 -10.0120372103 1.7178547171
-1.5840802344 -10.0120517981 1.7178544838
-1.3840833608 -10.0121247335 1.7178533457
-1.3140844245 -10.0121502596 1.7178529583
6.3288481791 -30.4657725113 1.7082548205
6.3935096162 -30.4934287532 1.7092253772
6.5147989387 -30.5421929585 1.7111888532
6.6203880150 -30.5767285103 1.7126761712
6.7429262133 -30.5975485902 1.7132590772
6.9359240605 -30.5823069205 1.7116107742
7.1887715115 -30.5039260780 1.7093189469
7.3213053137 -30.4498891394 1.7091796404
7.4014868606 -30.4156687046 1.7094463776
7.4680274021 -30.3876383040 1.7097816983
7.5856603151 -30.3418034856 1.7103290559
8.0075878404 -30.2943235286 1.7066222277
8.1527430737 -30.3359878543 1.7052703842
8.2362966249 -30.3696878387 1.7052949866
8.3186846804 -30.4064363017 1.7058647803
14.6622314130 -27.7677121189 0.4195431739
-17.3420972476 -30.0060662415 1.7215590954
-17.2221477076 -30.0061110387 1.7215412043
-17.1421806800 -30.0061408728 1.7215295202
-17.0522171463 -30.0061744074 1.7215166037
-16.9522568976 -30.0062116331 1.7215025300
-16.8422997085 -30.0062525396 1.7214873801
-16.7623302518 -30.0062822628 1.7214765756
-16.6223825273 -30.0063342253 1.7214580908
-16.5324153579 -30.0063675946 1.7214464862
-16.4224546780 -30.0064083430 1.7214325917
-16.3424827269 -30.0064379535 1.7214226826
-16.2325205554 -30.0064786347 1.7214093214
-16.1025641813 -30.0065266640 1.7213939163
-16.0125937122 -30.0065598849 1.7213834902
-15.9226227045 -30.0065930818 1.7213732557
-15.8526448876 -30.0066188852 1.7213654257
-15.7326821830 -30.0066630869 1.7213522626
-15.6527065413 -30.0066925322 1.7213436663
-14.2430760270 -30.0072088551 1.7212132535
-3.9740307423 -10.0111799794 1.7228728367
-3.7140374016 -10.0112749113 1.7228704091
-3.6240396236 -10.0113077687 1.7228695986
-3.5240420439 -10.0113442748 1.7228687155
-3.4440439439 -10.0113734782 1.7228680220
-3.3640458124 -10.0114026801 1.7228673399
-3.2340487828 -10.0114501304 1.7228662550
-3.1540505710 -10.0114793289 1.7228656018
-3.0440529813 -10.0115194746 1.7228647209
-2.9240555483 -10.0115632672 1.7228637824
-2.8540570162 -10.0115888117 1.7228632456
-2.7540590762 -10.0116253021 1.7228624921
-2.6440612930 -10.0116654394 1.7228616809
-2.5040640416 -10.0117165201 1.7228606747
-2.4440651951 -10.0117384107 1.7228602522
-2.3540668985 -10.0117712456 1.7228596283
-2.2340691204 -10.0118150231 1.7228588142
-2.1340709299 -10.0118515026 1.7228581510
-2.0140730519 -10.0118952759 1.7228573729
-1.9740737474 -10.0119098664 1.7228571178
-1.8240763046 -10.0119645788 1.7228561797
-1.7440776360 -10.0119937573 1.7228556911
-1.6340794307 -10.0120338762 1.7228550322
-1.5240811846 -10.0120739934 1.7228543882
6.3188728116 -30.4261679912 1.7030108135
6.4029939692 -30.4592486032 1.7041789125
6.4973051723 -30.4940223186 1.7055898686
6.5925174663 -30.5265844986 1.7070606960
6.6994203758 -30.5569753149 1.7085318843
7.0132934998 -30.5569201238 1.7077973552
7.1227186140 -30.5265881764 1.7065379290
7.3271244299 -30.4470709899 1.7051988021
7.4182340662 -30.4076133498 1.7051943451
7.5086037031 -30.3697157180 1.7053740337
7.6702690346 -30.3141185198 1.7053867430
7.7869659141 -30.2902277914 1.7046142535
7.8644211434 -30.2841164714 1.7037502593
7.9797787769 -30.2906953990 1.7023312387
8.0695063238 -30.3081150414 1.7015155659
8.1753134020 -30.3396129974 1.7012331017
8.2694016637 -30.3740029432 1.7016511458
8.3627518872 -30.4106375730 1.7025568255
8.4937558099 -30.4616105515 1.7043092634
9.8276443597 -30.3790460342 1.7041154171
9.9696241409 -30.4993592341 1.7196539214
-17.3722892853 -30.0055362578 1.7228080139
-17.2723274389 -30.0055701587 1.7227875467
-17.1423759150 -30.0056141777 1.7227615617
-17.0124231472 -30.0056581391 1.7227362632
-16.9524445351 -30.0056784100 1.7227248134
-16.8024968902 -30.0057290360 1.7226968004
-16.7425173936 -30.0057492662 1.7226858353
-16.6625443483 -30.0057762224 1.7226714244
-16.5225904833 -30.0058233483 1.7226467695
-16.4726066458 -30.0058401647 1.7226381350
-16.3726384836 -30.0058737753 1.7226211306
-16.2626727667 -30.0059107134 1.7226028257
-16.1427093022 -30.0059509704 1.7225833242
-16.0627331678 -30.0059777862 1.7225705883
-15.9327711284 -30.0060213248 1.7225503349
-15.6628468189 -30.0061116093 1.7225099636
-3.9540312678 -10.0111871776 1.7208724793
-3.7540364009 -10.0112602019 1.7208706149
-3.6440391338 -10.0113003613 1.7208696217
-3.5340418044 -10.0113405180 1.7208686508
-3.4640434722 -10.0113660709 1.7208680443
-3.3240467354 -10.0114171735 1.7208668572
-3.2540483314 -10.0114427232 1.7208662763
-3.1340510137 -10.0114865204 1.7208652999
-3.0640525476 -10.0115120675 1.7208647414
-2.9040559703 -10.0115704571 1.7208634946
-2.8440572245 -10.0115923519 1.7208630375
-2.7240596863 -10.0116361395 1.7208621401
-2.6640608942 -10.0116580323 1.7208616997
-2.5440632649 -10.0117018159 1.7208608350
-2.4240655769 -10.0117455970 1.7208599914
-2.3640667113 -10.0117674866 1.7208595774
-2.2340691209 -10.0118149120 1.7208586977
-2.1340709304 -10.0118513911 1.7208580369
-2.0440725268 -10.0118842209 1.7208574536
-1.9340744377 -10.0119243444 1.7208567553
-1.8140764728 -10.0119681134 1.7208560113
-1.7240779659 -10.0120009387 1.7208554653
-1.6140797531 -10.0120410569 1.7208548115
-1.5340810273 -10.0120702326 1.7208543453
-1.4440824356 -10.0121030542 1.7208538298
-1.3640836653 -10.0121322280 1.7208533796
6.5409244796 -30.2928755410 1.7123551471
6.6090492575 -30.3097973352 1.7127285143
6.6868365272 -30.3295747153 1.7133191986
6.8233205589 -30.3633931092 1.7146059176
6.9114470618 -30.3839996943 1.7155223084
7.0785193279 -30.4209409603 1.7173318698
7.1080326889 -30.4273477535 1.7176560741
7.2161651329 -30.4510582310 1.7188459162
7.2946344978 -30.4688173119 1.7197060810
7.3826653434 -30.4895707096 1.7206629109
7.4996101023 -30.5186266664 1.7219168526
7.5777050026 -30.5375995385 1.7227179433
7.6871458061 -30.5571250993 1.7234288406
7.7911144575 -30.5605337014 1.7231919222
7.9120604150 -30.5430518549 1.7217714065
8.1241220222 -30.4680580592 1.7185317833
8.2838927781 -30.3913514822 1.7171935695
8.3940385820 -30.3390229518 1.7168283658
9.8203713665 -30.4637750575 1.7180848770
-17.2921944852 -29.9999537947 1.7276516823
-17.1922342368 -29.9999532926 1.7276363918
-17.1222615932 -29.9999529412 1.7276258743
-17.0123038130 -29.9999523894 1.7276096501
-16.9523264516 -29.9999520886 1.7276009543
-16.8423672519 -29.9999515374 1.7275852884
-16.7224107407 -29.9999509364 1.7275685982
-16.6724285521 -29.9999506861 1.7275617648
-16.5524705708 -29.9999500856 1.7275456489
-16.4525048138 -29.9999495856 1.7275325199
-16.3225483023 -29.9999489358 1.7275158515
-16.2525712470 -29.9999485862 1.7275070594
-16.1626002705 -29.9999481368 1.7274959399
-16.0626319000 -29.9999476377 1.7274838243
-15.9526659543 -29.9999470889 1.7274707822
-15.8626932525 -29.9999466402 1.7274603290
-15.7527259409 -29.9999460919 1.7274478132
-3.7340368987 -10.0112581950 1.7188708046
-3.6440391306 -10.0112910241 1.7188699869
-3.5440415616 -10.0113274988 1.7188690958
-3.4340441777 -10.0113676183 1.7188681367
-3.3240467342 -10.0114077353 1.7188671990
-3.2540483306 -10.0114332630 1.7188666133
-3.1640503492 -10.0114660828 1.7188658725
-3.0240534145 -10.0115171325 1.7188647471
-2.9640547010 -10.0115390098 1.7188642747
-2.8740566007 -10.0115718244 1.7188635769
-2.7240596884 -10.0116265120 1.7188624422
-2.6340614950 -10.0116593226 1.7188617780
-2.5440632679 -10.0116921317 1.7188611261
-2.4240655805 -10.0117358749 1.7188602754
-2.3340672773 -10.0117686806 1.7188596510
-2.2540687589 -10.0117978402 1.7188591057
-2.1640703963 -10.0118306433 1.7188585028
-2.0340727078 -10.0118780234 1.7188576514
-1.9440742716 -10.0119108233 1.7188570753
-1.8740754678 -10.0119363335 1.7188566345
-1.7340778081 -10.0119873517 1.7188557717
-3.6340377314 -9.9892023635 1.7748715216
-3.6240379760 -9.9891988726 1.7748714297
-3.5340401544 -9.9891674562 1.7748706109
-3.4540420567 -9.9891395320 1.7748698957
-3.3040455386 -9.9890871778 1.7748685861
-3.2440469011 -9.9890662374 1.7748680734
-3.1540489129 -9.9890348283 1.7748673163
-3.0540511043 -9.9889999312 1.7748664913
-2.9640530377 -9.9889685254 1.7748657632
-2.8340557669 -9.9889231644 1.7748647350
-2.7040584228 -9.9888778066 1.7748637341
-2.6340598232 -9.9888533844 1.7748632061
-2.5240619829 -9.9888150086 1.7748623916
-2.4240639036 -9.9887801233 1.7748616670
-2.3540652243 -9.9887557046 1.7748611686
-2.2140678085 -9.9887068698 1.7748601931
-2.1140696086 -9.9886719898 1.7748595133
-2.0240711967 -9.9886405991 1.7748589134
-1.9340727553 -9.9886092098 1.7748583245
-1.8340744529 -9.9885743343 1.7748576828
-1.7140764438 -9.9885324857 1.7748569301
-1.6040782253 -9.9884941263 1.7748562562
-1.5240794955 -9.9884662297 1.7748557756
-17.2921175270 -30.0061071040 1.7235686979
-17.2921175270 -30.0061071040 1.7235686979
-17.1321839086 -30.0061669822 1.7235446287
-17.0822042196 -30.0061856744 1.7235372683
-17.0822042196 -30.0061856744 1.7235372683
-17.0622122870 -30.0061931486 1.7235343453
-16.9622521406 -30.0062304978 1.7235199095
-16.9622521406 -30.0062304978 1.7235199095
-16.8722873286 -30.0062640810 1.7235071691
-16.8622911991 -30.0062678107 1.7235057680
-16.7623294769 -30.0063050882 1.7234919148
-16.7523332623 -30.0063088140 1.7234905451
-16.6623669882 -30.0063423309 1.7234783440
-16.6523706977 -30.0063460533 1.7234770022
-16.5524073820 -30.0063832586 1.7234637354
-16.5324146300 -30.0063906956 1.7234611147
-16.4824326217 -30.0064092824 1.7234546099
-16.4824326217 -30.0064092824 1.7234546099
-16.3524785529 -30.0064575701 1.7234380076
-16.3524785529 -30.0064575701 1.7234380076
-16.2825027862 -30.0064835486 1.7234292504
-16.2725062200 -30.0064872586 1.7234280096
-16.1525468836 -30.0065317539 1.7234133182
-16.1525468836 -30.0065317539 1.7234133182
-16.0825701481 -30.0065576890 1.7234049144
-16.0525800172 -30.0065687995 1.7234013496
-15.9826028109 -30.0065947136 1.7233931171
-15.9726060406 -30.0065984144 1.7233919507
-17.3620884505 -30.0060560249 1.7235694406
-17.3620884505 -30.0060560249 1.7235694406
-17.2021557413 -30.0061157272 1.7235453481
-17.2021557413 -30.0061157272 1.7235453481
-17.1421804244 -30.0061380903 1.7235365161
-17.1421804244 -30.0061380903 1.7235365161
-17.0322249115 -30.0061790543 1.7235206049
-17.0222289072 -30.0061827760 1.7235191762
-16.9422605848 -30.0062125371 1.7235078521
-16.9322645087 -30.0062162556 1.7235064497
-16.8422994699 -30.0062497060 1.7234939569
-16.8422994699 -30.0062497060 1.7234939569
-16.7123488604 -30.0062979728 1.7234763157
-16.7023526061 -30.0063016832 1.7234749781
-16.6423749219 -30.0063239385 1.7234670104
-16.6023896490 -30.0063387685 1.7234617530
-16.5524078907 -30.0063572985 1.7234552420
-16.5424115169 -30.0063610035 1.7234539478
-16.4424473764 -30.0063980353 1.7234411514
-16.4324509224 -30.0064017367 1.7234398862
-16.3124929167 -30.0064461282 1.7234249053
-16.2924998165 -30.0064535223 1.7234224443
-16.2525135320 -30.0064683067 1.7234175526
-16.2525135320 -30.0064683067 1.7234175526
-16.1425506778 -30.0065089382 1.7234043064
-16.1425506778 -30.0065089382 1.7234043064
-16.0225902601 -30.0065532214 1.7233901941
-15.9726064682 -30.0065716600 1.7233844162
-15.9426161137 -30.0065827196 1.7233809779
-15.9426161137 -30.0065827196 1.7233809779
-15.7026911806 -30.0066711028 1.7233542231
-17.3121104573 -29.9942124305 1.7355477640
-17.3121104573 -29.9942124305 1.7355477640
-17.2121523195 -29.9941767143 1.7355330665
-17.2121523195 -29.9941767143 1.7355330665
-17.0022375439 -29.9941018336 1.7355031699
-17.0022375439 -29.9941018336 1.7355031699
-16.8622923920 -29.9940520032 1.7354839452
-16.8622923920 -29.9940520032 1.7354839452
-16.8023154281 -29.9940306688 1.7354758743
-16.7823230450 -29.9940235602 1.7354732060
-16.7423381867 -29.9940093470 1.7354679024
-16.7423381867 -29.9940093470 1.7354679024
-16.5923938883 -29.9939560969 1.7354483986
-16.5923938883 -29.9939560969 1.7354483986
-16.4924300924 -29.9939206389 1.7354357268
-16.4924300924 -29.9939206389 1.7354357268
-16.4324514646 -29.9938993800 1.7354282481
-16.4224550013 -29.9938958380 1.7354270106
-16.3224899758 -29.9938604357 1.7354147748
-16.3124934342 -29.9938568972 1.7354135650
-16.2525140376 -29.9938356730 1.7354063585
-16.2525140376 -29.9938356730 1.7354063585
-16.1025644561 -29.9937826614 1.7353887270
-16.1025644561 -29.9937826614 1.7353887270
-16.0125939741 -29.9937508875 1.7353784066
-16.0125939741 -29.9937508875 1.7353784066
-15.8926324955 -29.9937085596 1.7353649403
-15.8926324955 -29.9937085596 1.7353649403
-15.8126576555 -29.9936803644 1.7353561460
-15.8026607716 -29.9936768413 1.7353550568
-15.7126885307 -29.9936451461 1.7353453549
-15.7126885307 -29.9936451461 1.7353453549
-3.8040351137 -10.0112512402 1.7288709863
-3.7240371285 -10.0112804734 1.7288702557
-3.6040400880 -10.0113243205 1.7288691821
-3.4940427364 -10.0113645108 1.7288682210
-3.4240443903 -10.0113900851 1.7288676207
-3.2840476261 -10.0114412306 1.7288664457
-17.3221057039 -29.9940607574 1.7305406327
-17.2421393272 -29.9940314759 1.7305289692
-17.1521765149 -29.9939985636 1.7305160755
-17.0422210637 -29.9939583788 1.7305006376
-16.9422607162 -29.9939218859 1.7304869034
-16.8422995774 -29.9938854290 1.7304734493
-16.7023526811 -29.9938344486 1.7304550730
-16.6123860332 -29.9938017111 1.7304435364
-16.5224187821 -29.9937690009 1.7304322117
-16.4024615265 -29.9937254289 1.7304174350
-16.3124929071 -29.9936927805 1.7304065897
-16.2425169195 -29.9936674050 1.7303982923
-16.1525472932 -29.9936348018 1.7303877986
-16.0525803937 -29.9935986051 1.7303763648
-15.9326192312 -29.9935552086 1.7303629515
-15.8226540037 -29.9935154655 1.7303509439
-15.7026910538 -29.9934721488 1.7303381512
-17.1721686992 -30.0061340025 1.7235283106
-17.1323475243 -30.0061488679 1.7235237673
-17.0644612416 -30.0061742285 1.7234589943
-16.9755722435 -30.0062075510 1.7229132725
-16.8976459078 -30.0062371047 1.7211027525
-16.8454675376 -30.0062574576 1.7179517339
-16.8253933433 -30.0062657200 1.7155977733
-16.8111701416 -30.0062725222 1.7120809532
-16.8131294473 -30.0062737114 1.7091848373
-16.8277047178 -30.0062707144 1.7072728545
-16.8341302907 -30.0062692055 1.7069001262
-16.8467413521 -30.0062662616 1.7064832787
-16.8617647297 -30.0062631896 1.7063426774
-16.8646707304 -30.0062627512 1.7063597539
-16.8699489954 -30.0062623391 1.7064639296
-16.8733754493 -30.0062628331 1.7066785990
-16.8749933405 -30.0062636463 1.7069136085
-16.8762183671 -30.0062642972 1.7071260191
-16.8786046087 -30.0062649096 1.7074363065
-16.8819316452 -30.0062650243 1.7077246472
-16.8859440327 -30.0062647429 1.7079847407
-16.8924851124 -30.0062639127 1.7083316234
-16.8972772978 -30.0062631866 1.7085630285
-16.9051039773 -30.0062619598 1.7089374710
-16.9101709931 -30.0062612111 1.7091934223
-16.9142682660 -30.0062606732 1.7094175090
-16.9187916406 -30.0062601904 1.7096926292
-16.9234340769 -30.0062598563 1.7100158911
-16.9261836884 -30.0062597359 1.7102276599
-16.9303647443 -30.0062596085 1.7105657338
-16.9322674757 -30.0062595456 1.7107191778
-16.9361584048 -30.0062593645 1.7110209082
-16.9430099467 -30.0062588623 1.7115081868
-16.9479019405 -30.0062584271 1.7118378295
-16.9502903891 -30.0062582151 1.7119991518
-16.9529257339 -30.0062579945 1.7121806650
-16.9557363994 -30.0062577860 1.7123812432
-16.9583658588 -30.0062576262 1.7125780393
-16.9600190903 -30.0062575465 1.7127071810
-16.9628651895 -30.0062574483 1.7129397916
-16.9643334320 -30.0062574152 1.7130644635
-16.9664526640 -30.0062573827 1.7132486215
-16.9696195904 -30.0062573497 1.7135284309
-16.9709477139 -30.0062573356 1.7136459098
-16.9735701491 -30.0062573013 1.7138765535
-16.9752934184 -30.0062572743 1.7140271681
-16.9782409961 -30.0062572269 1.7142848064
-16.9796700308 -30.0062572077 1.7144108411
-16.9846203191 -30.0062571995 1.7148631897
-16.9847984313 -30.0062572015 1.7148801024
-16.9856754777 -30.0062572146 1.7149641389
-16.9871998859 -30.0062572485 1.7151132155
-16.9906784704 -30.0062573725 1.7154660871
-16.9915789097 -30.0062574123 1.7155595572
-16.9926089069 -30.0062574601 1.7156671429
-16.9931884764 -30.0062574878 1.7157279212
-16.9946110496 -30.0062575576 1.7158776739
-16.9961340307 -30.0062576351 1.7160388440
-16.9977440938 -30.0062577213 1.7162105091
-16.9991692954 -30.0062578036 1.7163641452
-17.0005426674 -30.0062578906 1.7165143015
-17.0011493128 -30.0062579319 1.7165814252
-17.0022136185 -30.0062580093 1.7167004996
-17.0041312727 -30.0062581647 1.7169194164
-17.0054188076 -30.0062582797 1.7170693441
-17.0062503947 -30.0062583579 1.7171672340
-17.0075610555 -30.0062584859 1.7173228668
-17.0079549516 -30.0062585253 1.7173699121
-17.0091117865 -30.0062586433 1.7175087189
-17.0097698901 -30.0062587119 1.7175881015
-17.0105071699 -30.0062587901 1.7176774184
-17.0121082858 -30.0062589658 1.7178730208
-17.0126242212 -30.0062590245 1.7179366084
-17.0132984349 -30.0062591027 1.7180201646
-17.0145213868 -30.0062592499 1.7181731273
-17.0148387356 -30.0062592891 1.7182131163
-17.0160733614 -30.0062594458 1.7183697802
-17.0163737328 -30.0062594848 1.7184081367
-17.0170381573 -30.0062595721 1.7184932788
-17.0177586872 -30.0062596682 1.7185860270
-17.0188749310 -30.0062598199 1.7187304618
-17.0192148853 -30.0062598667 1.7187746190
-17.0198824902 -30.0062599594 1.7188615648
-17.0206623723 -30.0062600691 1.7189635360
-17.0210437767 -30.0062601234 1.7190135732
-17.0217285213 -30.0062602219 1.7191036988
-17.0223350830 -30.0062603103 1.7191838573
-17.0230435561 -30.0062604149 1.7192778682
-17.0234473757 -30.0062604752 1.7193316318
-17.0243453591 -30.0062606108 1.7194516140
-17.0246190932 -30.0062606525 1.7194882953
-17.0252102261 -30.0062607432 1.7195676610
-17.0257347911 -30.0062608242 1.7196382495
-17.0263486875 -30.0062609196 1.7197210364
-17.0268476561 -30.0062609977 1.7197884613
-17.0272387765 -30.0062610592 1.7198413983
-17.0278123410 -30.0062611498 1.7199191672
-17.0281398022 -30.0062612019 1.7199636421
-17.0285987161 -30.0062612751 1.7200260625
-17.0291359498 -30.0062613613 1.7200992698
-17.0295295042 -30.0062614248 1.7201529860
-17.0299999321 -30.0062615010 1.7202172853
-17.0303349428 -30.0062615555 1.7202631310
-17.0307860677 -30.0062616291 1.7203249336
-17.0311471815 -30.0062616882 1.7203744558
-17.0316177891 -30.0062617654 1.7204390568
-17.0320385415 -30.0062618346 1.7204968714
-17.0323011186 -30.0062618779 1.7205329783
-17.0326693953 -30.0062619388 1.7205836542
-17.0330297955 -30.0062619985 1.7206332848
-17.0335214625 -30.0062620802 1.7207010522
-17.0337276783 -30.0062621145 1.7207294954
-17.0341322149 -30.0062621819 1.7207853257
-17.0346877855 -30.0062622748 1.7208620657
-17.0348156004 -30.0062622962 1.7208797304
-17.0351304098 -30.0062623489 1.7209232531
-17.0354080661 -30.0062623955 1.7209616554
-17.0356203797 -30.0062624312 1.7209910296
-17.0359182654 -30.0062624812 1.7210322563
-17.0362674915 -30.0062625400 1.7210806072
-17.0367472806 -30.0062626209 1.7211470666
-17.0369398792 -30.0062626533 1.7211737550
-17.0371027103 -30.0062626808 1.7211963229
-17.0373959252 -30.0062627304 1.7212369713
-17.0375790022 -30.0062627613 1.7212623574
-17.0378104497 -30.0062628004 1.7212944571
-17.0380625173 -30.0062628431 1.7213294241
-17.0383580769 -30.0062628931 1.7213704336
-17.0386936014 -30.0062629500 1.7214169994
-17.0389272913 -30.0062629896 1.7214494384
-17.0389964468 -30.0062630013 1.7214590389
-17.0393357682 -30.0062630589 1.7215061514
-3.8040336083 -9.9892821046 1.7248720190
-17.0395124205 -30.0062630889 1.7215306821
-3.7540348702 -9.9892646832 1.7248715561
-17.0397719041 -30.0062631329 1.7215667196
-3.6143419574 -9.9892160119 1.7248712865
-17.0400040976 -30.0062631724 1.7215989714
-3.5191579622 -9.9891828465 1.7246923647
-17.0401696354 -30.0062632005 1.7216219670
-3.4514098575 -9.9891592370 1.7240668579
-3.3531384508 -9.9891249793 1.7206075440
-17.0405123273 -30.0062632587 1.7216695778
-17.0405912034 -30.0062632721 1.7216805372
-3.3371759574 -9.9891194116 1.7193498060
-17.0408047389 -30.0062633084 1.7217102088
-3.3048824012 -9.9891081242 1.7143957379
-17.0409758313 -30.0062633375 1.7217339845
-3.3018297989 -9.9891070325 1.7124087778
-17.0411252332 -30.0062633630 1.7217547472
-3.3054559502 -9.9891082450 1.7104333685
-17.0413266227 -30.0062633972 1.7217827364
-3.3192584231 -9.9891129508 1.7087231119
-17.0414702064 -30.0062634216 1.7218026928
-3.3243734378 -9.9891146951 1.7084190906
-17.0416637548 -30.0062634546 1.7218295951
-3.3382444531 -9.9891194132 1.7079503750
-17.0418188368 -30.0062634810 1.7218511518
-3.3479775535 -9.9891227039 1.7078295004
-17.0419710300 -30.0062635069 1.7218723078
-3.3579717164 -9.9891260401 1.7078735470
-17.0421695540 -30.0062635407 1.7218999054
-3.3621068620 -9.9891273841 1.7079940325
-17.0422991659 -30.0062635627 1.7219179240
-3.3641152298 -9.9891280125 1.7081248256
-3.3664768632 -9.9891287035 1.7084611003
-17.0425984532 -30.0062636137 1.7219595328
-3.3678854168 -9.9891291159 1.7087121172
-17.0426599623 -30.0062636242 1.7219680845
-3.3701667690 -9.9891298273 1.7090055098
-17.0428414377 -30.0062636551 1.7219933160
-3.3728050305 -9.9891306808 1.7092438426
-17.0429599205 -30.0062636752 1.7220097897
-17.0430908701 -30.0062636976 1.7220279971
-3.3792213043 -9.9891328010 1.7096614201
-3.3819628088 -9.9891337143 1.7098105047
-17.0432616874 -30.0062637266 1.7220517484
-3.3896691277 -9.9891362888 1.7101980908
-17.0433870226 -30.0062637480 1.7220691759
-17.0435235511 -30.0062637713 1.7220881603
-3.3968308744 -9.9891386807 1.7105537838
-17.0436704788 -30.0062637963 1.7221085909
-3.4028729064 -9.9891406917 1.7108749195
-17.0437752373 -30.0062638141 1.7221231581
-3.4077043742 -9.9891422914 1.7111611372
-17.0438910197 -30.0062638339 1.7221392584
-3.4110979350 -9.9891434087 1.7113860304
-17.0440171429 -30.0062638553 1.7221567968
-3.4137667145 -9.9891442832 1.7115800436
-17.0441772187 -30.0062638826 1.7221790570
-3.4181961368 -9.9891457281 1.7119341324
-17.0442735912 -30.0062638990 1.7221924588
-3.4229430894 -9.9891472745 1.7123329879
-17.0443801054 -30.0062639172 1.7222072709
-3.4242112926 -9.9891476886 1.7124375298
-17.0445304723 -30.0062639428 1.7222281816
-3.4281177266 -9.9891489681 1.7127463612
-17.0446097662 -30.0062639563 1.7222392087
-3.4304794627 -9.9891497444 1.7129231579
-17.0447320558 -30.0062639771 1.7222562150
-3.4335863966 -9.9891507678 1.7131468602
-3.4377644179 -9.9891521460 1.7134389023
-17.0448943574 -30.0062640048 1.7222787859
-17.0449788647 -30.0062640192 1.7222905382
-3.4418394781 -9.9891534900 1.7137238820
-17.0450722655 -30.0062640351 1.7223035274
-3.4450573517 -9.9891545493 1.7139559804
-17.0451840672 -30.0062640542 1.7223190756
-3.4480621696 -9.9891555359 1.7141832292
-3.4505749554 -9.9891563585 1.7143836946
-17.0453031433 -30.0062640745 1.7223356356
-17.0453421779 -30.0062640811 1.7223410642
-3.4531721682 -9.9891572064 1.7146020598
-17.0454192770 -30.0062640942 1.7223517864
-3.4558391486 -9.9891580750 1.7148371145
-17.0455418525 -30.0062641151 1.7223688332
-3.4576890465 -9.9891586767 1.7150047659
-17.0456339062 -30.0062641308 1.7223816353
-3.4608167957 -9.9891596939 1.7152916245
-17.0457507423 -30.0062641507 1.7223978840
-3.4623491094 -9.9891601926 1.7154319880
-17.0458036078 -30.0062641597 1.7224052362
-3.4638667808 -9.9891606867 1.7155703394
-17.0458730743 -30.0062641716 1.7224148971
-3.4668549063 -9.9891616603 1.7158411042
-17.0459835151 -30.0062641904 1.7224302565
-3.4687297639 -9.9891622713 1.7160110616
-17.0460664559 -30.0062642045 1.7224417914
-3.4701533972 -9.9891627350 1.7161410694
-17.0461396385 -30.0062642170 1.7224519692
-3.4721223826 -9.9891633758 1.7163235367
-17.0462193581 -30.0062642306 1.7224630561
-3.4741876509 -9.9891640469 1.7165199026
-17.0462896984 -30.0062642426 1.7224728387
-3.4764856574 -9.9891647921 1.7167462347
-17.0463965268 -30.0062642608 1.7224876958
-3.4783162267 -9.9891653843 1.7169330149
-17.0464561862 -30.0062642709 1.7224959929
-3.4794333967 -9.9891657453 1.7170496680
-17.0465438302 -30.0062642859 1.7225081819
-3.4821694028 -9.9891666283 1.7173419533
-3.4830460501 -9.9891669110 1.7174369770
-17.0466503464 -30.0062643040 1.7225229957
-3.4846160119 -9.9891674172 1.7176081384
-17.0467195290 -30.0062643158 1.7225326172
-17.0467468007 -30.0062643205 1.7225364100
-3.4861417735 -9.9891679091 1.7177754287
-3.4866858221 -9.9891680845 1.7178353186
-17.0468206358 -30.0062643331 1.7225466787
-17.0468732805 -30.0062643420 1.7225540002
-3.4878881990 -9.9891684720 1.7179682618
-17.0469442482 -30.0062643541 1.7225638701
-3.4893145780 -9.9891689315 1.7181274014
-17.0470073671 -30.0062643649 1.7225726484
-3.4905672924 -9.9891693346 1.7182689439
-17.0470813932 -30.0062643775 1.7225829436
-17.0471416826 -30.0062643878 1.7225913284
-17.0471772576 -30.0062643938 1.7225962760
-17.0472528269 -30.0062644067 1.7226067858
-17.0472983233 -30.0062644145 1.7226131132
-17.0473706557 -30.0062644268 1.7226231729
-17.0474195959 -30.0062644351 1.7226299793
-17.0474676264 -30.0062644433 1.7226366591
-17.0475147641 -30.0062644513 1.7226432148
-17.0475711887 -30.0062644610 1.7226510621
-17.0476164014 -30.0062644687 1.7226573501
-17.4520507156 -29.9941206016 1.7135668392
-17.3520937518 -29.9940840283 1.7135517555
-17.1495527536 -29.9940097294 1.7127178352
-17.0998836021 -29.9939912576 1.7115671240
-17.0319318222 -29.9939652695 1.7076454403
-17.0200883887 -29.9939604859 1.7062994561
-17.0003788833 -29.9939511586 1.7015390875
-17.0018177861 -29.9939503471 1.6996053142
-17.0127488560 -29.9939521874 1.6976966812
-17.0240646614 -29.9939546603 1.6969208805
-17.0354764817 -29.9939571794 1.6965299771
-17.0464411354 -29.9939594033 1.6963724990
-17.0546090602 -29.9939606835 1.6963793346
-17.0590416944 -29.9939610011 1.6964562659
-17.0629009824 -29.9939605513 1.6966558977
-17.0647909886 -29.9939596124 1.6969067335
-17.0665166123 -29.9939586588 1.6971993155
-17.0691183810 -29.9939580485 1.6975113802
-17.0707510383 -29.9939579393 1.6976553976
-17.0763907739 -29.9939581723 1.6980306169
-17.0795777590 -29.9939584977 1.6982038171
-17.0860129789 -29.9939593235 1.6985216049
-17.0950545810 -29.9939605912 1.6989534017
-17.0990345024 -29.9939611194 1.6991525791
-17.1091621538 -29.9939621521 1.6997349098
-17.1133886379 -29.9939623655 1.7000306319
-17.1161390188 -29.9939624286 1.7002421682
-17.1190526096 -29.9939624566 1.7004767671
-17.1225434608 -29.9939624941 1.7007585311
-17.1254563762 -29.9939625661 1.7009848036
-17.1294934873 -29.9939627445 1.7012803557
-17.1326195470 -29.9939629333 1.7014974234
-17.1357752791 -29.9939631500 1.7017106066
-17.1399148422 -29.9939634418 1.7019888560
-17.1422401523 -29.9939635948 1.7021480067
-17.1456994049 -29.9939637879 1.7023934118
-17.1494405354 -29.9939639271 1.7026761756
-17.1530785900 -29.9939639787 1.7029722174
-17.1545388532 -29.9939639781 1.7030964988
-17.1564187152 -29.9939639646 1.7032598497
-17.1584683041 -29.9939639410 1.7034404516
-17.1611353859 -29.9939639092 1.7036761256
-17.1626686636 -29.9939638946 1.7038109369
-17.1650479869 -29.9939638779 1.7040188827
-17.1665382711 -29.9939638696 1.7041487665
-17.1694380938 -29.9939638486 1.7044029376
-17.1723819832 -29.9939638039 1.7046671636
-17.1733190100 -29.9939637814 1.7047534171
-17.1747701472 -29.9939637364 1.7048895643
-17.1765029678 -29.9939636655 1.7050565850
-17.1784745252 -29.9939635622 1.7052524724
-17.1798876085 -29.9939634753 1.7053962130
-17.1814040218 -29.9939633734 1.7055528029
-17.1828740026 -29.9939632688 1.7057061723
-17.1843045001 -29.9939631637 1.7058563863
-17.1858359912 -29.9939630484 1.7060180533
-17.1870560268 -29.9939629539 1.7061476016
-17.1888906595 -29.9939628046 1.7063443583
-17.1897771650 -29.9939627280 1.7064406063
-17.1911268633 -29.9939626042 1.7065890459
-17.1923077133 -29.9939624877 1.7067210706
-17.1932217212 -29.9939623918 1.7068247277
-17.1944367886 -29.9939622570 1.7069644645
-17.1957123648 -29.9939621074 1.7071132970
-17.1964348309 -29.9939620196 1.7071984134
-17.1972427664 -29.9939619192 1.7072941817
-17.1983250430 -29.9939617817 1.7074232843
-17.1993761415 -29.9939616453 1.7075494624
-17.2007609691 -29.9939614611 1.7077169295
-17.2016533195 -29.9939613392 1.7078257020
-17.2024353107 -29.9939612298 1.7079216783
-17.2031137073 -29.9939611329 1.7080054926
-17.2038584048 -29.9939610242 1.7080981288
-17.2045043435 -29.9939609277 1.7081790261
-17.2054461999 -29.9939607838 1.7082978712
-17.2065065475 -29.9939606173 1.7084328194
-17.2070221968 -29.9939605349 1.7084988313
-17.2078850524 -29.9939603953 1.7086097782
-17.2083068960 -29.9939603262 1.7086642198
-17.2090643311 -29.9939602011 1.7087622785
-17.2098677737 -29.9939600669 1.7088667188
-17.2101956582 -29.9939600116 1.7089094707
-17.2109030083 -29.9939598914 1.7090019712
-17.2115296324 -29.9939597836 1.7090842421
-17.2122012813 -29.9939596668 1.7091727816
-17.2129135506 -29.9939595413 1.7092670831
-17.2134342450 -29.9939594486 1.7093362774
-17.2139997303 -29.9939593471 1.7094116529
-17.2148771758 -29.9939591880 1.7095290332
-17.2150914785 -29.9939591489 1.7095577717
-17.2155665112 -29.9939590619 1.7096215640
-17.2162356653 -29.9939589385 1.7097116212
-17.2166377422 -29.9939588640 1.7097658403
-17.2171788376 -29.9939587633 1.7098389307
-17.2175639870 -29.9939586913 1.7098910446
-17.2182214561 -29.9939585677 1.7099801789
-17.2184512730 -29.9939585243 1.7100113874
-17.2190811655 -29.9939584048 1.7100970607
-17.2193887728 -29.9939583462 1.7101389689
-17.2198625630 -29.9939582557 1.7102036015
-17.2203249493 -29.9939581669 1.7102667691
-17.2206134187 -29.9939581114 1.7103062191
-17.2210977696 -29.9939580180 1.7103725227
-17.2213352333 -29.9939579721 1.7104050577
-17.2218774229 -29.9939578670 1.7104794090
-17.2222920328 -29.9939577864 1.7105363245
-17.2228056424 -29.9939576863 1.7106069005
-17.2230922307 -29.9939576304 1.7106463144
-17.2233039471 -29.9939575890 1.7106754466
-17.2236507788 -29.9939575210 1.7107231977
-17.2240572458 -29.9939574413 1.7107792006
-17.2243224657 -29.9939573892 1.7108157651
-17.2246798064 -29.9939573188 1.7108650560
-17.2249974587 -29.9939572562 1.7109088956
-17.2253698186 -29.9939571828 1.7109603111
-17.2255221868 -29.9939571527 1.7109813575
-17.2258517582 -29.9939570875 1.7110268946
-17.2260866633 -29.9939570411 1.7110593628
-17.2265728120 -29.9939569448 1.7111265859
-17.2267124991 -29.9939569171 1.7111459082
-17.2269874800 -29.9939568625 1.7111839540
-17.2274155384 -29.9939567776 1.7112432015
-17.2275723687 -29.9939567464 1.7112649147
-17.2277528464 -29.9939567105 1.7112899060
-17.2281059121 -29.9939566403 1.7113388078
-17.2283761129 -29.9939565865 1.7113762418
-17.2286163851 -29.9939565387 1.7114095358
-17.2288050009 -29.9939565011 1.7114356758
-17.2289904744 -29.9939564642 1.7114613835
-17.2293522084 -29.9939563921 1.7115115304
-17.2294407606 -29.9939563744 1.7115238080
-17.2297449084 -29.9939563138 1.7115659822
-17.2298513872 -29.9939562925 1.7115807485
-17.2301230666 -29.9939562383 1.7116184285
-17.2303270734 -29.9939561976 1.7116467262
-17.2305070623 -29.9939561616 1.7116716947
-17.2307611326 -29.9939561109 1.7117069431
-3.7340354734 -9.9893234771 1.7188714242
-17.2309896038 -29.9939560653 1.7117386432
-3.6147640518 -9.9892821743 1.7188656244
-17.2310831207 -29.9939560466 1.7117516193
-3.5391575870 -9.9892559906 1.7186925901
-17.2313398260 -29.9939559953 1.7117872409
-3.4417898719 -9.9892222639 1.7174900988
-17.2314831768 -29.9939559666 1.7118071342
-3.3731381007 -9.9891984751 1.7146077584
-17.2316241508 -29.9939559385 1.7118266986
-3.3537088400 -9.9891917388 1.7130221169
-17.2318482663 -29.9939558937 1.7118578028
-3.3269702564 -9.9891824510 1.7090230490
-17.2319664462 -29.9939558700 1.7118742054
-3.3219009386 -9.9891806649 1.7066703293
-17.2321323050 -29.9939558369 1.7118972263
-3.3247311886 -9.9891815954 1.7046191520
-3.3367776464 -9.9891856745 1.7029096810
-17.2323428067 -29.9939557948 1.7119264449
-3.3456666828 -9.9891886867 1.7023562401
-17.2325165140 -29.9939557600 1.7119505574
-3.3582441652 -9.9891929368 1.7019505630
-17.2326862771 -29.9939557261 1.7119741232
-17.2328223037 -29.9939556989 1.7119930064
-3.3732183590 -9.9891979534 1.7018263367
-17.2329115787 -29.9939556810 1.7120053998
-3.3773802652 -9.9891993274 1.7018641775
-17.2330868095 -29.9939556460 1.7120297263
-3.3827707395 -9.9892010652 1.7020285529
-17.2332012157 -29.9939556231 1.7120456092
-3.3851146534 -9.9892017773 1.7022351074
-17.2333554381 -29.9939555922 1.7120670202
-3.3870591101 -9.9892023318 1.7025705414
-17.2334790137 -29.9939555675 1.7120841767
-3.3878851827 -9.9892025746 1.7027122825
-3.3907532181 -9.9892034674 1.7030651324
-17.2336666890 -29.9939555300 1.7121102330
-3.3939955126 -9.9892045161 1.7033335194
-17.2337714964 -29.9939555090 1.7121247844
-17.2339000698 -29.9939554833 1.7121426357
-3.3986964279 -9.9892060612 1.7036317604
-17.2339884887 -29.9939554656 1.7121549120
-3.4036858586 -9.9892077133 1.7039001253
-17.2341248502 -29.9939554383 1.7121738451
-3.4090626928 -9.9892094983 1.7041684584
-17.2342820226 -29.9939554069 1.7121956679
-3.4174067397 -9.9892122669 1.7045833598
-17.2343766471 -29.9939553879 1.7122088063
-3.4223530629 -9.9892139025 1.7048461258
-3.4253723286 -9.9892148972 1.7050188881
-17.2345042046 -29.9939553624 1.7122265175
-17.2345951530 -29.9939553442 1.7122391457
-3.4306949756 -9.9892166416 1.7053582456
-17.2347397458 -29.9939553153 1.7122592226
-3.4372172688 -9.9892187602 1.7058532419
-3.4378718161 -9.9892189720 1.7059073016
-17.2348375769 -29.9939552957 1.7122728066
-17.2349546815 -29.9939552723 1.7122890669
-3.4423126112 -9.9892204086 1.7062805504
-17.2350278161 -29.9939552576 1.7122992219
-3.4448504900 -9.9892212317 1.7064896288
-17.2351304597 -29.9939552371 1.7123134744
-3.4471241578 -9.9892219713 1.7066699569
-3.4504793319 -9.9892230662 1.7069232783
-3.4553294437 -9.9892246539 1.7072695217
-17.2353682456 -29.9939551895 1.7123464923
-3.4591417137 -9.9892259033 1.7075347938
-3.4608384917 -9.9892264592 1.7076534116
-3.4650572445 -9.9892278392 1.7079560904
-3.4680620675 -9.9892288192 1.7081833368
-3.4700316822 -9.9892294599 1.7083395794
-3.4731720757 -9.9892304785 1.7086021632
-3.4753662239 -9.9892311884 1.7087948723
-3.4781428530 -9.9892320854 1.7090463503
-3.4797113227 -9.9892325920 1.7091902171
-3.4832179944 -9.9892337254 1.7095113849
-3.4845127644 -9.9892341442 1.7096291158
-3.4864326037 -9.9892347655 1.7098029939
-3.4889351123 -9.9892355755 1.7100298391
-3.4905535900 -9.9892360990 1.7101779551
-3.4926964592 -9.9892367915 1.7103776241
-3.4941876012 -9.9892372726 1.7105199863
-3.4963142162 -9.9892379575 1.7107291232
-3.4974961908 -9.9892383375 1.7108487254
-3.4997464838 -9.9892390598 1.7110827648
-3.5014265172 -9.9892395983 1.7112619329
-3.5024633016 -9.9892399304 1.7113738347
-3.5044751285 -9.9892405746 1.7115928124
-3.5055919310 -9.9892409322 1.7117151099
-3.5068209003 -9.9892413256 1.7118502836
-3.5080198627 -9.9892417093 1.7119829490
-3.5098208113 -9.9892422853 1.7121844392
-3.5108126171 -9.9892426022 1.7122969660
-17.2381038834 -29.9939546420 1.7127263607
-17.2381352902 -29.9939546357 1.7127307219
-17.2381738192 -29.9939546280 1.7127360720
-17.2382264280 -29.9939546175 1.7127433773
-17.2382448478 -29.9939546138 1.7127459350
-17.2383201484 -29.9939545988 1.7127563913
-17.2383955776 -29.9939545837 1.7127668653
-17.2384188613 -29.9939545790 1.7127700985
-17.2384612113 -29.9939545705 1.7127759792
-17.2384835442 -29.9939545660 1.7127790804
-17.2385486204 -29.9939545530 1.7127881168
-17.2385845475 -29.9939545458 1.7127931056
-17.2386195869 -29.9939545388 1.7127979712
-17.2386481243 -29.9939545331 1.7128019339
-17.2386621714 -29.9939545303 1.7128038845
-17.2387061508 -29.9939545215 1.7128099914
-17.2387169183 -29.9939545193 1.7128114866
-17.2387512992 -29.9939545125 1.7128162607
-17.2387745613 -29.9939545078 1.7128194909
-17.2390854601 -29.9939544456 1.7128626619
-17.2391025111 -29.9939544422 1.7128650296
-17.2394204855 -29.9939543785 1.7129091827
-17.2394614612 -29.9939543703 1.7129148724
-17.2396222093 -29.9939543381 1.7129371931